a:
b:1630 2;1697;1756;1759 2;1821 4;1887;1951
c:1566;1630 2;1692 4;1697;1756 5;1821 4;1885 3;1951 2;2015
d:1630 2;1692 2;1695 4;1756 7;1820 5;1885 4;1951 2;2015 2
e:847 2;911;1549;1613;1626 2;1630 2;1691 8;1756 7;1821 5;1841;1885 5;1950 2;1962;2015 3;2025 2;2079 3;2088 2;2135;2152 2;2199;2263 3;2328 3;2408;2467 6;2532 2;2778 2;2843 2
f:666 2;741 3;785 3;807 2;847 5;911 3;975;1485 2;1549 2;1613 2;1626 3;1630 3;1648;1677 2;1692 7;1712;1741 2;1755 8;1776 2;1821 6;1840 2;1885 2;1888 2;1898;1903 2;1950 2;1962;1967 2;2014 2;2017;2024 3;2071;2079 3;2088 2;2135;2143 2;2151 2;2199 3;2215;2264 3;2281;2322 2;2329 2;2344 2;2386 2;2394;2402 7;2466 6;2584 2;2649;2713 2;2778 4;2843 4
g:664 4;676 2;730 4;740 4;806 3;849 5;872 2;911 6;975 3;1038 2;1422 2;1486 2;1550 2;1561 2;1566 2;1583;1614 2;1625 2;1628 4;1647 2;1678 2;1692 6;1711 2;1742 2;1754 5;1760 3;1775 2;1806 2;1821 6;1833 2;1839 2;1871 2;1884 6;1897 2;1903 2;1936;1960 3;1966 2;2007 2;2014 2;2024 2;2071 2;2078 2;2081 2;2087 2;2130;2135 3;2143 2;2146;2150 2;2194 2;2199 4;2213 5;2258 2;2265 2;2280 2;2323;2330 2;2337 8;2387 2;2394 2;2401 8;2455;2519 3;2584 3;2649 2;2713 4;2779 5;2845 2
h:664 2;728 6;739 4;797 2;804 4;852 3;870 4;914 6;935 3;975 10;1038 6;1102 3;1166;1236;1297;1359 3;1422 3;1431;1487 2;1495 2;1503 2;1518;1551 2;1560 2;1567;1582 2;1615 2;1628 2;1631;1647;1679 2;1692 6;1711;1743 2;1752 3;1757 5;1774 2;1807 2;1821 7;1832 2;1838 2;1871 3;1880;1884 3;1888 3;1895 3;1902 2;1936 3;1944 2;1948;1954;1959 3;1966 2;2008 2;2011 2;2022 3;2030;2067;2072 4;2078;2086 3;2094;2130 2;2136 4;2142 3;2146 2;2149 4;2195;2201 3;2206 3;2211 7;2259 2;2266 5;2273 8;2323 2;2328 5;2337 7;2388;2392 2;2452 2;2455 2;2520 3;2525;2585 4;2650 4;2715 6;2781 4
i:728 5;739;791 2;794 5;800 6;862 2;867 5;933 5;979 5;998 4;1041 9;1064 2;1102 12;1124;1129;1166 11;1231 2;1236;1295 7;1360 7;1376 2;1424 3;1430 2;1440 2;1488 3;1495 2;1503 2;1517 2;1552 4;1564 2;1582;1616 5;1628 2;1646 2;1680 5;1692 6;1710 2;1744 10;1757 5;1767 2;1774 2;1808 4;1821 5;1827;1831 2;1837 2;1872 5;1880 3;1885 2;1888 3;1894 3;1901 2;1937 5;1944 4;1954 6;1965 2;2003;2009 4;2020 4;2029 2;2067;2073 4;2084 4;2093 2;2131;2138 3;2146 7;2157 2;2195 2;2202 14;2259 2;2265 2;2268 8;2324 2;2329 3;2333 2;2388 3;2393 6;2405 2;2453 2;2456 6;2470 2;2521 6;2587 6;2652 6;2718 4;3233
j:728 2;790 9;800 5;858 12;926 9;991 10;1055 2;1058 7;1123 2;1126 4;1168 9;1187;1191 2;1232 9;1250 2;1256;1296 6;1313 2;1360 7;1376 2;1424 7;1440 2;1491 5;1516 2;1555 5;1564 2;1581 2;1619 3;1628;1645 2;1683 3;1692 6;1709 2;1747 4;1757 5;1765 3;1772 3;1811 4;1821 5;1827 5;1836 2;1875 4;1885 2;1888 2;1892 3;1899 3;1940 3;1949;1956 3;1964 2;2003 2;2012 3;2019 3;2028 2;2067 2;2076 3;2083 4;2091 3;2131 2;2140 3;2150;2155 3;2195 3;2202 4;2260 2;2266 8;2324 3;2330 8;2343 2;2389 3;2395 8;2404 4;2454 3;2461 6;2525 6;2590 5;2656 2;3170;3232 3
k:737 2;791 4;802 2;854 8;867 2;922 8;931 3;990 5;997 2;1055 5;1061 2;1115;1119 8;1183 3;1187 5;1251 6;1316 4;1364 2;1427 3;1448 2;1499 3;1513;1515 2;1564 2;1577;1579 3;1643 3;1692 6;1707 3;1757 5;1764 2;1771 2;1821 5;1828 4;1833;1835 2;1877;1885 2;1888;1894;1896 5;1940 2;1948 3;1963 2;2004 2;2026 3;2068 2;2090 3;2132 3;2197 3;2261 3;2271 2;2280 2;2325 2;2335 3;2341 5;2390 2;2399 9;2455 2;2464;2520;3103;3167 5;3231 3
l:736 3;801 3;854 4;866 2;918 8;931 2;982;984 8;995 4;1050 7;1061 2;1115;1119 2;1126;1179;1189 2;1243;1253;1301 2;1307;1318;1365 2;1371;1382 2;1429;1435 3;1447 3;1492 2;1499 4;1512 4;1556 2;1576 4;1620 2;1641 3;1692 6;1704 4;1756 6;1769 3;1812 3;1821 6;1830 6;1877 2;1888;1894 6;1941 2;1948 2;1959 5;2005 2;2011 2;2024 3;2069 3;2074 2;2088 3;2133 6;2198 4;2216 2;2262 3;2272 3;2277 5;2326 3;2335 10;2391 3;2399 2;2402 3;2455 3;3038;3102 7;3168 5
m:735 3;799 4;865 2;919 2;929 3;982 5;994 3;1046 10;1059 4;1111 11;1124 3;1175 2;1180 3;1185;1188 3;1238;1243;1252 2;1302;1307;1316 3;1365 2;1371 2;1374 2;1381 3;1429 2;1435 5;1446 2;1492 3;1500 4;1511 2;1556 3;1575 2;1621 2;1639 3;1685 2;1692 6;1703 3;1748;1755 7;1767 3;1812 4;1822 2;1825 2;1877 5;1888;1890;1895 3;1942 4;1949;1954;2006 3;2013;2071 2;2074 2;2079;2136 3;2143 2;2148;2152 2;2199 3;2207 11;2263 3;2272 9;2328 2;2338 3;2392 3;2399 2;2463 2;2527 2;2644 4;2710 2;2973 2;2980 2;3037 9;3103 6
n:798 4;862 4;926;928 3;992 3;1049;1056 4;1066 2;1112 3;1120 5;1131;1175 4;1184 5;1195 2;1238 5;1247 2;1251 2;1302 2;1307;1310 3;1315 3;1366 2;1372 6;1380 3;1430 2;1436 6;1444 3;1493 3;1501 4;1509 3;1557 3;1573 3;1622 2;1637 3;1684;1686 2;1692 6;1701 3;1748 4;1755 7;1765 3;1812 5;1825 2;1830 2;1879 2;1888;1890 2;1944;1949;1954 2;2013;2019;2025;2074 2;2077;2079 7;2087 4;2137 3;2144 10;2201 3;2207 10;2265 3;2329 3;2394;2463 2;2516;2527 2;2580 4;2591 2;2644 6;2656;2711 3;2720;2784;2848;2852;2908 10;2972 10;3038 7
o:863 2;925 4;988 6;1000 2;1052 6;1065 2;1116 5;1130 2;1182;1185 3;1194 3;1248 4;1259 2;1303 3;1312 4;1324;1367 3;1373 2;1377 4;1430 3;1436 3;1440 5;1493 4;1500 8;1511;1557 4;1565 3;1570 4;1622 3;1635 3;1684 2;1687 2;1692 6;1699 3;1748 2;1751 9;1763 3;1769 2;1816 2;1823;1826 2;1830;1833 2;1880 2;1888;1891;1944 2;1949;1955;2013;2019 2;2074 2;2077;2079 2;2082 3;2086 5;2138 4;2143 2;2146 2;2150 4;2203 2;2207 2;2267 2;2271 2;2330 3;2394 3;2451;2458 3;2515 3;2522 2;2527;2580 5;2591 2;2647 2;2655 2;2712 2;2719 2;2777;2783 2;2840 10;2905 9
p:994;998 2;1054 5;1062 5;1117 3;1127 4;1192 3;1257 3;1322 3;1369 2;1380 2;1386 2;1430 2;1433 2;1444 2;1451;1494 2;1497 2;1503;1507 3;1515 2;1558 2;1561 2;1566 2;1569 5;1623;1628 2;1632 4;1684 2;1687 3;1692 6;1699;1748 2;1752 5;1759;1763;1768 3;1817 2;1823;1827;1830;1832 3;1881 2;1888;1891;1945 2;1949;1955;2013;2019 2;2074 2;2077;2079 2;2084;2086 2;2138 2;2141;2143 2;2146 5;2204 2;2207;2212;2268 2;2332;2395 2;2451 2;2459 3;2515 5;2523 2;2582 3;2587 2;2647 3;2651 2;2713;2715 2;2777 4;2841 8
q:998;1055 4;1062 2;1117 4;1126 3;1180 3;1191 3;1244;1256 2;1321 3;1385 3;1433 2;1449 3;1494 2;1498;1515;1558 2;1562;1623;1628 2;1632;1684 2;1687 3;1692 6;1748 2;1753 4;1759;1768 2;1818;1823;1829 5;1882;1888;1891;1894;1946;1949;1955 2;2013;2020;2074 2;2077;2079 2;2084 4;2138 2;2141;2143;2148 3;2205;2207;2212;2269;2332 2;2388;2396 2;2452 3;2460 3;2517 3;2524 2;2583 2;2588 2;2648 2;2652;2713 4;2778 3;2843 2;3037
r:796 2;860 2;924 2;988 2;1052 2;1055 4;1116 5;1124 3;1180 3;1189 2;1244;1254 2;1318 3;1383 3;1433 2;1448 3;1495;1498;1512 3;1559;1562;1623;1626 2;1632;1684 2;1687 2;1692 6;1748 2;1752 5;1759;1767 2;1817 2;1822 2;1829 4;1881 2;1888;1891 2;1894;1949;1956;2013;2020;2074 2;2077;2079 2;2084 3;2138 2;2141;2143;2148 2;2205;2207;2212 2;2269;2333;2388 2;2397 2;2453 3;2462;2518 3;2525 2;2583 3;2589;2649;2652 2;2716 2;2780 2;2844;3037 2
s:732 2;796 2;860 2;924 3;988 3;1052 3;1056 2;1114 7;1123 2;1179 3;1188 2;1252 3;1317 3;1381 3;1433 2;1446 3;1495;1498;1510 3;1559;1561 2;1623;1625 2;1632;1684 2;1687 2;1692 6;1748 2;1751 6;1759;1765 4;1816 2;1822;1829 4;1880 2;1888;1891 2;1949;1956;2013;2020 2;2074 2;2077;2079 2;2085;2138 2;2141;2148 2;2205;2213;2270;2325;2334;2389 3;2398;2454 3;2462;2519 3;2584 2;2649;2653;2716 2;2780 2;2973 2;3037 2
t:668 2;732 3;796 3;860 3;924 3;988 3;1050 5;1114 6;1122 2;1178 3;1186 3;1250 3;1314 4;1379 4;1433 2;1444 3;1495;1497 2;1509 2;1559;1561 2;1623;1625;1632;1684 2;1687 2;1692 6;1748 2;1751 6;1759;1765 3;1816;1822;1829;1880;1888;1891 2;1949;1956;2013;2020 2;2074 2;2077;2079 2;2138 2;2141;2149;2205 2;2213;2270;2325 3;2334;2390 3;2398;2455 3;2520 3;2585 2;2650;2716 2;2780 2;2973 2;3037 2
u:604 2;668 3;732 3;796 3;860 3;924 2;986 4;1050 5;1114 5;1121;1178 2;1185 2;1249 3;1313 3;1378 3;1433 2;1442 3;1495;1497 2;1507 2;1559;1561 2;1623;1625;1632;1684 2;1687 2;1692 6;1748 2;1751 6;1759;1766 2;1816;1822;1829 2;1880;1888;1892;1949;1956;2013;2020 2;2074 2;2077;2079 2;2138 2;2149;2206;2213 2;2261 3;2270 2;2326 3;2334 2;2391 3;2398;2456 3;2521 2;2586 2;2650 2;2717;2781;2909 2;2973 2
v:540 2;604 2;668 2;732 2;796 2;923 2;986 4;1050 4;1114 4;1178 2;1185;1248 2;1312 3;1376 3;1433 2;1441 3;1495;1497 2;1506;1559;1561 2;1623;1625;1632;1684 2;1687 2;1692 6;1748 2;1751 6;1759;1766 2;1816;1822;1829 2;1880;1888;1892 2;1949;1956 2;2013;2021;2074 2;2077;2079 2;2138 2;2149;2213 2;2263 2;2271;2328 2;2335;2393 2;2457 2;2522 2;2586 2;2651;2781;2845;2909 2
w:540 2;604 2;668 2;732 2;796 2;923 2;986 3;1050 3;1114 3;1178 2;1184;1248;1311 2;1376 2;1433 2;1441;1495;1497 2;1559;1561 2;1623;1625;1632;1684 2;1687 2;1692 6;1748 2;1751 6;1759;1816;1822;1829 2;1880;1888;1893 2;1949;1957 2;2013;2021 2;2074 2;2077;2079 2;2138 2;2149 2;2214;2271;2335;2399;2845 2;2909 2
x:476 2;540 2;604 2;668 2;732 2;796;1050 2;1114 3;1178 3;1243;1433 2;1495;1497 2;1559;1561 2;1623;1625;1632;1684 2;1687 2;1692 6;1748 2;1751 6;1759;1816;1822;1829;1880;1888;1894;1944;1949;1958;2013;2022;2074 2;2077;2079 2;2138 2;2144;2208;2399;2463;2527;2782;2845 2
y:476 2;540 2;604 2;668 2;732 2;1050 2;1114 2;1178 3;1242 2;1433 2;1495;1497 2;1559;1561 2;1623 3;1632;1684 2;1687 2;1692 6;1748 2;1751 6;1759;1812;1816;1822;1829;1880;1886;1888;1892 2;1949;1956 2;2013;2020 2;2074 2;2077;2084 2;2131;2138 2;2144 2;2208 2;2272 2;2336 2;2400 2;2464;2527 2;2591 2;2655 2;2718 2;2782
z:476 2;540 2;604 2;668 2;732 2;1114 2;1178 2;1242 2;1433 2;1495;1497 2;1559;1561 2;1623 3;1632;1684 2;1687 2;1692 6;1748 2;1751 6;1759;1812;1818;1822;1825;1882 2;1888;1890 2;1946 2;1952;1954 2;2010 2;2016;2018;2074 2;2080;2082;2138 2;2144;2208;2272 2;2336 2;2400
aa:476 2;540 2;604 2;668 2;732 2;1114 2;1178 2;1242 2;1433 2;1495;1497 2;1559;1561 2;1623 3;1632;1684 2;1687 2;1692 6;1748 2;1751 2;1754 3;1759;1818 2;1822;1824 2;1883;1888;1890;1947;1952;1954;2011;2016;2018;2074 2;2080;2082;2138 2;2143 2;2208
ab:476 2;540 2;604 2;668 2;732 2;1178 2;1242 2;1306;1433 2;1495;1497 2;1558 2;1561 2;1621 5;1632;1684 6;1692 6;1748 6;1755 5;1813 2;1818 2;1822 3;1883;1887 2;1890;1947;1951 2;1954;2011;2015 2;2018;2074 2;2079 2;2082;2138 2;2143 2;2207 2
ac:476 2;540 2;604 2;668 2;732 2;1178 2;1242 2;1306 2;1370;1433 2;1495;1497 2;1557 3;1561 2;1620 6;1632;1684 2;1687 2;1692 6;1748 6;1756 4;1813 3;1818;1822 3;1877;1882 2;1887 2;1890;1946 2;1951 2;1954;2010 2;2015 2;2018;2074 2;2079 4;2143;2207
ad:476 2;540 2;604 2;668 2;732 2;1242 2;1306 2;1370 2;1433 2;1497 2;1559;1561 2;1621 5;1632;1684 6;1692 6;1748 6;1756 4;1813 3;1817 2;1822 3;1877 2;1881 2;1887 2;1890;1945 2;1951 2;1954;2009 2;2015 2;2018;2079 4;2143 2;2207
ae:476 2;540 2;604 2;668 2;732 2;1242 2;1306 2;1370 2;1433 2;1497 2;1561 2;1621;1623 2;1632;1684 5;1692 6;1748;1750 4;1756 4;1813 3;1817;1822 3;1877 2;1881 2;1886 3;1890;1945;1950 3;1954;2015 4;2079 3;2143 2
af:476 2;540 2;604 2;668 2;732 2;796 2;1242 2;1306 2;1370 2;1433 2;1497 2;1561 2;1623 2;1632;1685;1687 2;1692 6;1749 5;1757 3;1813 5;1822 3;1877;1881;1886 3;1890;1950 5;2015 3;2079 2
ag:476 2;540 2;604 2;668 2;732 2;796 2;860 2;1178 2;1242 2;1306 2;1370 2;1433 2;1497 2;1561 2;1624;1632;1687 2;1692 6;1749 3;1753;1757 3;1813 5;1822 2;1877 2;1880 2;1886 5;1950 5;2015 2;2079 2
ah:476 2;540 2;604 3;668 3;732 3;796 3;859 4;923 4;988 3;1052 3;1115 4;1178 5;1242 5;1306 5;1369 6;1433 6;1497 6;1560 7;1624 7;1632;1687 2;1690 7;1751 4;1757 3;1813 5;1822 2;1877 5;1886 5;1950 5;2015 2;2079 2
ai:476 2;540 3;604 3;668;670;732;734;796;798;859 2;862;923 2;926;988;990;1052;1054;1115 2;1118;1178 2;1182;1242;1246;1306;1310;1369 2;1374;1433;1438;1497;1502;1560 2;1566;1624;1630;1632;1687 2;1693 4;1751 3;1757 3;1814 4;1822;1877 2;1880 2;1886 5;1941;1950 5;2015 2;2079 2
aj:476 3;540 3;604 3;668 3;732 3;796 3;860 3;924 3;988 3;1052 3;1115 4;1179 4;1242 5;1306 5;1370 5;1433 6;1497 6;1560 7;1624 7;1632;1687 8;1696;1751 6;1758 2;1814 6;1822 2;1877 6;1886 5;1941 5;1950 5;2005;2015 2;2079 2
ak:477;541;605;669;733;1632;1695 2;1758 3;1815 3;1823;1878 4;1941 4;2005 2
al:1631 2;1694 3;1758 3;1823;1879 2;1942 3;2006 2
am:1694 2;1758;1943
0:layer a
1:layer a
2:layer a
3:layer a
4:layer a
5:layer a
6:layer a
7:layer a
8:layer a
9:layer a
10:layer a
11:layer a
12:layer a
13:layer a
14:layer a
15:layer a
16:layer a
17:layer a
18:layer a
19:layer a
20:layer a
21:layer a
22:layer a
23:layer a
24:layer b
25:layer b +[1626;1692 4;1885 3] -[1697;1887]
26:layer c
27:layer d
28:layer d +[1692 7;1951] -[1692 2;1695 4;1951 2]
29:layer d +[1692 7;1820 6;1950 2] -[1692 2;1695 4;1820 5;1951 2]
30:layer e
31:layer f
32:layer g
33:layer h
34:layer i
35:layer j
36:layer k
37:layer l
38:layer m
39:layer n
40:layer o
41:layer p
42:layer q
43:layer r
44:layer s
45:layer t
46:layer u
47:layer v
48:layer w
49:layer w +[476;1183 2;1243;1440 2;1504 2;1829;1894;1944;1958;2022;2086;2208;2463;2846;2910] -[1184;1248;1311 2;1376 2;1441;1829 2;1893 2;1957 2;2021 2;2271;2335;2845 2;2909 2]
50:layer x
51:layer x +[1114 2;1242 3;1307;1957 2;2021 2;2085;2463 2;2527 2;2591;2655;2718 2;2782 2;2846] -[796;1114 3;1243;1958;2022;2399;2463;2527;2782;2845 2]
52:layer y
53:layer y +[1178 2;1684;1818;1825;1881 2;1888 4;1945 2;1951 4;2010;2015 4;2080 3;2144;2400] -[1050 2;1178 3;1684 2;1880;1888;1892 2;1949;1956 2;2013;2020 2;2077;2084 2;2131;2144 2;2400 2;2464;2527 2;2591 2;2655 2;2718 2;2782]
54:layer z
55:layer aa
56:layer ab
57:layer ac
58:layer ad
59:layer ae
60:layer af
61:layer ag
62:layer ah
63:layer ai