a:
b:1567 3;1628 6;1689 5;1697 2;1752 3;1761 2;1816 2;1826;1880 2;1890 2;1945 2;1955;2009 2;2019 2;2074;2083 2;2138 2;2144 4;2203;2206 4;2267 4
c:1566 4;1628 4;1633;1689 4;1697 2;1752 2;1762;1816;1826 2;1880 2;1890 2;1945;1955 2;2009 2;2019 2;2074;2083 2;2138 2;2145 4;2202 2;2206 4;2267 5;2331 2
d:1503 2;1565 5;1627 4;1633 2;1688 4;1697 2;1751 2;1762;1815 2;1826 2;1880;1891;1944 2;1955 2;2009;2020;2073 2;2084 2;2138;2146 4;2202 2;2207 4;2267;2269 4;2331 3
e:1503 2;1564 7;1626 4;1633 2;1687 4;1698;1751;1762 2;1815 2;1826 2;1880;1891;1944 2;1955 2;2009;2020 2;2073 2;2085;2137 2;2147 3;2202;2208 4;2266 2;2269 5;2331 4
f:1502 3;1563 8;1625 4;1634;1687 3;1698;1750 2;1762 2;1815;1827;1879 2;1891 2;1944;1956;2008 2;2020 2;2073;2085 2;2137 2;2148 3;2202;2209 4;2266 2;2270 4;2330 6;2395 2
g:1439 2;1501 4;1562 4;1568 3;1624 4;1634 2;1686 3;1698 2;1750 2;1763;1814 2;1827 2;1879;1892;1943 2;1956 2;2008;2021;2072 2;2085 2;2137;2150;2201 2;2210 4;2266;2271 4;2330 7;2394 4
h:1439 2;1500 6;1562 4;1569 2;1623 4;1634 2;1686 2;1699;1750;1763;1814 2;1827 2;1879;1892;1943 2;1956 2;2008;2021 2;2072 2;2086;2137;2150 2;2201;2211 4;2265 2;2272 4;2330;2333 5;2394 4
i:1438 3;1499 4;1504;1561 4;1569 2;1622 4;1634 2;1685 2;1699;1749 2;1763 2;1814;1828;1878 2;1892 2;1943;1957;2007 2;2021 2;2072;2086 2;2136 2;2151;2201;2212 4;2265 2;2273 4;2329 2;2334 4;2394 6;2458 2
j:1375;1437 4;1499 4;1504 2;1560 4;1569 2;1622 3;1634 2;1685 2;1699 2;1749 2;1763 2;1814;1828 2;1878 2;1892 2;1943;1957 2;2007 2;2022;2071 2;2086 2;2136;2151;2200 2;2213 3;2265;2274 5;2329 2;2335 4;2394;2396 5;2458 3
k:1375;1436 5;1498 4;1504 2;1559 4;1570;1621 4;1634 2;1685;1699 2;1749;1764;1813 2;1828 2;1878;1893;1942 2;1957 2;2007;2022;2071 2;2086 2;2136;2151 2;2200 2;2214 3;2265;2275 5;2329;2336 4;2393 2;2397 5;2458 4
l:1374 2;1436 5;1497 4;1504 2;1559 4;1570;1621 3;1634 2;1685;1699 2;1749;1764;1813 2;1828 2;1877 2;1893;1942 2;1957 2;2006 2;2022 2;2071;2087;2135 2;2151 2;2200;2215 2;2264 2;2276 5;2329;2337 4;2393;2398 5;2457 6;2522
m:1374 2;1435 6;1497 3;1505;1558 4;1569 2;1621 2;1634 2;1684 2;1699 2;1748 2;1764 2;1813;1829;1877 2;1893 2;1942;1958;2006 2;2022 2;2071;2087;2135 2;2151 2;2200;2216;2264 2;2277 4;2329;2338 4;2393;2399 4;2457 7;2522 2
n:1373 3;1434 4;1439 2;1496 4;1504 2;1557 4;1569 2;1620 3;1634 2;1684;1699 2;1748 2;1764 2;1812 2;1829;1877;1893 2;1941 2;1958;2006;2022 2;2070 2;2087 2;2135;2152;2199 2;2216;2264;2278 4;2328 2;2339 4;2393;2400 4;2457;2459 6;2521 3
o:1373 3;1434 7;1495 11;1557 6;1565 6;1620 5;1630 6;1684 4;1696 5;1748 3;1761 5;1812 4;1826 4;1877 3;1891 4;1941 3;1955 4;2006 3;2019 5;2070 3;2084 5;2135 2;2149 4;2199 2;2213 4;2264 2;2277 5;2328 3;2340 4;2392 3;2401 5;2457 10;2521 7
p:1373 2;1434 7;1495 11;1557 14;1620 16;1684 17;1748 18;1812 18;1877 18;1941 18;2005 19;2070 18;2135 18;2199 18;2264 18;2328 17;2392 16;2457 13;2521 9
q:1373 2;1434 7;1495 11;1557 7;1565 6;1620 5;1630 6;1684 4;1696 5;1748 3;1761 5;1812 4;1826 4;1877 3;1891 4;1941 3;1955 4;2006 3;2019 5;2070 3;2084 4;2135 2;2149 4;2199 3;2213 4;2264 2;2277 4;2328 3;2340 4;2392 4;2401 5;2457 5;2463 6;2522 8
r:1501 3;1562 7;1624 7;1632 2;1686 6;1696 3;1750 4;1761 2;1815 2;1825 3;1879 3;1890 2;1944 2;1954 3;2008 3;2019 2;2072 3;2083 3;2137 2;2146 4;2201 3;2208 5;2266 2;2270 5;2330 7;2395 3
s:1566 2;1627 6;1689 9;1751 11;1816 11;1880 11;1945 11;2009 11;2074 10;2138 10;2203 8;2267 6;2331 4
0:layer a
1:layer a
2:layer a
3:layer a
4:layer b
5:layer c
6:layer c +[1627 4;1688 5;1751 3;1891;1944 2;2020;2073 2;2084 2;2138;2207 4] -[1628 4;1689 4;1752 2;1890 2;1945;2019 2;2074;2083 2;2138 2;2206 4]
7:layer d
8:layer e
9:layer e +[1502 3;1625 4;1634;1750 2;1827;1879 2;1891 2;1944;1956;2008 2;2073;2148 2;2209 4;2330 5;2395] -[1503 2;1626 4;1633 2;1751;1826 2;1880;1891;1944 2;1955 2;2009;2073 2;2147 3;2208 4;2331 4]
10:layer f
11:layer f +[1501 4;1563 4;1568 3;1624 4;1634 2;1686 4;1698 2;1827 2;1892;1956 2;2149 2;2210 4;2266;2330 7] -[1502 3;1563 8;1625 4;1634;1687 3;1698;1827;1891 2;1956;2148 3;2209 4;2266 2;2330 6]
12:layer g
13:layer h
14:layer h +[1438 3;1561 4;1623 3;1763 2;1814;1878 2;1892 2;1943;1957;2007 2;2086 2;2136 2;2212 3;2394 5] -[1439 2;1562 4;1623 4;1763;1814 2;1879;1892;1943 2;1956 2;2008;2086;2137;2211 4;2394 4]
15:layer i
16:layer j
17:layer j +[1498 4;1560 3;1570;1621 4;1685;1749;1764;1813 2;1878;1893;1942 2;2007;2214 2;2275 4;2336 4;2393 2;2396 6] -[1499 4;1560 4;1569 2;1622 3;1685 2;1749 2;1763 2;1814;1878 2;1892 2;1943;2007 2;2213 3;2274 5;2335 4;2394;2396 5]
18:layer k
19:layer l
20:layer m
21:layer m +[1373 3;1496 4;1504 2;1620 3;1684;1877;1941 2;2070 2;2135;2152;2199 2;2264;2278 3;2328 2;2339 4;2400 4;2521 3] -[1374 2;1497 3;1505;1621 2;1684 2;1877 2;1942;2071;2135 2;2151 2;2200;2264 2;2277 4;2329;2338 4;2399 4;2522 2]
22:layer n
23:layer o
24:layer p
25:layer q
26:layer l +[1435 6;1558 5;1684 2;1764 2;1813;1893 2;1942;2200 2;2216;2277 4;2328 2;2338 4;2399 4;2522 2] -[1436 5;1559 4;1685;1764;1813 2;1893;1942 2;2200;2215 2;2276 5;2329;2337 4;2398 5;2522]
27:layer m +[1496 5;1504 2;1558 5;1620 4;1877;1941 2;2070 2;2152;2277 5;2328 2;2400 4] -[1497 3;1505;1558 4;1621 2;1877 2;1942;2071;2151 2;2277 4;2329;2399 4]
28:layer l +[1498 4;1569 2;1764 2;2022;2071 2;2086 2;2136;2200 2;2214 3;2275 5;2336 5;2393 2;2397 6;2458 4;2522 2] -[1497 4;1570;1764;2022 2;2071;2087;2135 2;2200;2215 2;2276 5;2337 4;2393;2398 5;2457 6;2522]
29:layer j +[1498 7;1559 6;1569;1633 3;1763 3;1813 2;1942 2;2021 2;2086;2136 2;2150 2;2201;2212 4;2273 5;2334 5;2394 6;2458 2] -[1499 4;1504 2;1560 4;1569 2;1634 2;1763 2;1814;1943;2022;2086 2;2136;2151;2200 2;2213 3;2274 5;2335 4;2394;2396 5;2458 3]
30:layer r
31:layer s
32:layer a
33:layer a
34:layer a
35:layer a
36:layer a
37:layer a
38:layer a
39:layer a
40:layer a
41:layer a
42:layer a
43:layer a
44:layer a
45:layer a
46:layer a
47:layer a
48:layer a
49:layer a
50:layer a
51:layer a
52:layer a
53:layer a
54:layer a
55:layer a
56:layer a
57:layer a
58:layer a
59:layer a
60:layer a
61:layer a
62:layer a
63:layer a