a:
b:1564;1627 3
c:1563 3;1627 2;1692
d:1563;1565 2;1627 3;1692
e:1563 4;1627;1629;1692
f:1498 2;1562 3;1566 2;1627;1629;1756
g:1498;1503;1564;1567;1627;1629;1756;1820
h:1120;1184;1433;1497;1504 2;1564;1627;1629 2;1684;1748;1820;1884;1953 2
i:647 2;693;710 2;757 2;822;837;887 2;900 2;951 2;1016;1120;1184 2;1248 2;1432 2;1441;1497;1505;1564;1620 2;1626 2;1629 2;1684;1883 2;1951 3;3158 2;3162 3;3223;3226
j:647;710 2;757 2;774 2;822;837 2;886 2;901;928 2;951;1114 2;1177 2;1185;1241 2;1249;1305;1313 2;1368 2;1377 2;1432;1441 2;1494 3;1500;1505 3;1557 2;1564;1571 2;1620 2;1626 2;1630;1636 2;1700 2;1765;1808 2;1883 2;1941 12;2005 3;2015 2;2084;3158 6
k:586;648 3;691;712 2;755 3;774 2;820 3;838;886;901 2;929;950;965 2;986 2;993;1014 2;1029;1050;1057 2;1078 2;1143;1177 2;1240 2;1249 2;1304 2;1313 2;1368;1431 2;1442;1493 2;1500;1507 2;1557 2;1564;1571 2;1626 2;1630;1636 2;1681 2;1703;1744 2;1767;1808;1944 7;2007 3;2014 2;2068 2;2082 3;3092 4;3097 5;3160 2;3163
l:649 2;690 2;712 2;755 2;775 2;820 2;838 2;884 2;902 2;949 2;965 2;993 2;1013 2;1029;1049 2;1057 2;1078;1093;1113 2;1122;1176 2;1186;1240;1303;1366 2;1379;1430 2;1442 3;1500;1508;1555;1564;1572 3;1617 3;1626;1630;1638;1681 2;1702 2;1745;1947;2008 5;2068 5;2079 5;3034;3036 3;3093 9
m:650 2;714;754 2;776;820;839 2;858;884 2;903;922;949;1030;1058 2;1077;1112 2;1122 2;1141;1175 3;1186 2;1205;1239 2;1251;1303 2;1315;1366 2;1379 2;1429 2;1443 3;1491 3;1500;1508 3;1554 3;1573 2;1617 2;1626;1630;1638;1681;1769;1833;2008 6;2070 6;2077 6;2129 2;2144 3;2964 2;3029 2;3033 2;3036 2;3096 3
n:528;589 4;599 2;613 2;622 2;651 4;663 3;674 2;678;687 3;713 5;728;739 2;752 4;777 2;804 2;817 2;840 2;858;882;921 2;931;948;967 2;984 2;995;1012 2;1030 3;1048;1059;1076 2;1094 2;1123;1141;1158 2;1175 2;1204 2;1222;1239;1268 2;1286;1303;1332;1365 2;1380;1396;1445;1500;1509 2;1554 2;1574;1616;1618;1626;1630;1640;1673 2;1676 2;1679 2;1704 2;1737 2;1740 2;1769;1773 3;1801;1804;1837;1868;2072 4;2079;2130 4;2144 2;2195;2210 2;2276 4;2319 2;2340 2;2383;2407;2447;2469 3;2833 3;2849;2898 4;2909 5;2964 5;2971 5;3029 5;3036 2
o:490;555 2;619 2;653 2;660 4;678 2;681 2;716 2;724 2;727 2;743 2;777 2;780 2;789 3;804 6;817 2;840 3;844;853 2;856 2;869 3;881 2;905 2;919 3;931;933 3;945 4;968 2;982 4;995 2;998;1011 2;1031 3;1047 2;1060;1076;1111 2;1139 2;1174 2;1203 2;1238;1267 2;1301 2;1317;1332;1365 2;1380 2;1445 2;1478;1480 7;1500;1510 2;1542;1544;1546 2;1549 2;1552 2;1575 4;1580 2;1583 2;1610 7;1626;1630;1640 3;1644 2;1647 2;1674;1676 2;1679;1704 3;1708 2;1711;1773;1775;2075;2132 9;2194 5;2208 4;2259 3;2320 3;2337 4;2385 4;2401 3;2447 3;2466 4;2512 3;2530 3;2577 2;2595 2;2658 2;2723 3;2787 2;2835 5;2900 4;2905 4;2967 3;2971 2;3033
p:529 2;591 3;620 2;655 6;682 5;720 5;746 5;780;785 2;808 6;843 2;849;851 3;871 6;905 3;914 4;934 6;945 2;969 3;978 3;982 3;996 7;1009 2;1043 5;1060 5;1073 2;1108 4;1124 4;1138 2;1172 4;1189;1191;1203;1238;1253;1287 8;1297 2;1300 3;1317;1350 2;1353 5;1359 7;1381 5;1387 3;1391 5;1414 4;1419 10;1446 4;1451 3;1455 3;1459;1478;1480 2;1483 8;1500;1511 4;1516 2;1519 3;1523;1552 2;1576 3;1580 2;1583 2;1616;1626;1630 2;1640 2;2134 9;2197 5;2205 6;2261 5;2268 3;2328;2333 5;2387 5;2398 4;2451 5;2462 4;2514;2518;2526 5;2577 5;2590 3;2642 4;2655 4;2707 2;2719 3;2723;2768 4;2784 4;2834;2838 5;2848 2;2903;2905 3
q:591;654 3;686;718 2;750 3;782 4;812 6;846;848 2;876 5;907;910;912 3;938 5;970 3;975 2;978 2;1001 5;1009;1039 2;1042 2;1061 2;1065 2;1068 2;1072 2;1096 3;1101 4;1106 2;1125 2;1129 2;1132;1159 8;1168 3;1172 2;1189 3;1193 3;1197 2;1200 3;1223 6;1230 8;1253;1255 4;1261 3;1265 3;1287 9;1297 5;1317 3;1322 3;1326 3;1330 2;1362 2;1378;1381 4;1386 4;1391 5;1425 3;1441 2;1488 2;1500;1552;1625 2;1631;1695;1817;1881;2139;2201 3;2205 4;2265 8;2330 2;2391 6;2454 9;2518 2;2522;2525 2;2581 5;2587 4;2644 4;2651 5;2710 2;2716 4;2771 5;2777;2780 5;2834 4;2841;2844 5;2909 2
r:816 2;845 2;879 3;909 2;943 2;972 2;1007 2;1032 8;1061 2;1069 4;1096 4;1102 3;1126;1132 5;1195 3;1200 2;1368 2;1425;1433;1441;1488 2;1497;1499 2;1504 2;1561;1568;1625 2;1631 2;1689;1695;1753;1758 2;1817;1822;1881;1886;1950;2270 2;2458;2522;2585 3;2650;2711 4;2775;2777 4;2843 3;2908 2
s:1368 2;1432 2;1497;1499 2;1504 2;1561;1568 2;1625;1631;1689;1695;1753;1758 2;1817;1822;1886;1950
t:1304;1315;1378 2;1497;1499 2;1561;1569;1625;1631;1695;1753;1759;1822 2;1944;1950;2008;2014
u:1379;1432;1442 2;1496 2;1499 2;1505 2;1560 2;1569;1625;1695 2;1752 2;1759;1816;1823;1880;1886 2;1944
v:1175;1239;1303;1367;1442;1496;1499;1506;1560;1624 2;1696;1759;1816;1823;1880;1950;2014;2078
w:1190;1239;1254;1303;1316;1367 2;1379 2;1431 2;1435;1443;1496;1499;1560;1569;1624;1632 2;1688;1696;1752;1759 2;1823;1880;1887;1943 2;1950 2;2007;2014;2134;2198
x:1253 2;1302 2;1317 2;1366 2;1379;1381;1431 2;1435;1442 2;1495 2;1499;1506;1560;1569 2;1624;1632 2;1688;1696;1752;1759 2;1816;1823 2;1879 2;1887 2;1943 2;1951 2;2006;2015;2070;2079;2134
y:1173;1192;1237;1256;1301;1317 2;1366 2;1381 2;1430 2;1435;1443 3;1494 2;1506 3;1558 3;1569 3;1623 2;1633 2;1687 2;1696 2;1750 3;1760 2;1814 3;1824 2;1878 3;1887 3;1941 2;1952;2005 2;2070;2080;2132;2143 2;2196 2;2207;2261
z:1171 2;1235 3;1255 2;1300 2;1319 2;1364 2;1381 3;1429;1433;1435 2;1444 2;1493 2;1496 2;1506;1508 2;1558;1570 3;1622 2;1634 2;1687;1697 2;1750 3;1813 4;1825;1877 2;1889;1941 2;1953;2004 2;2016 2;2068;2080 2;2132;2144 2;2196;2208 2
aa:1171;1235;1299;1309 2;1364 2;1372 2;1383;1428 2;1433 4;1446 2;1492 2;1497;1510;1556 2;1573;1621 2;1636 2;1685;1698 3;1749;1762 2;1812 2;1826 2;1876;1889 2;1940;1953 2;2003 2;2017 2;2068;2145 2;2209
ab:1235;1298 2;1309 2;1362 2;1372 2;1385;1428;1433 3;1447 3;1492 3;1510 2;1556 2;1573 3;1621;1636 2;1684 2;1700;1748 2;1763 2;1811 2;1827;1875 2;1890 2;1939 2;1954 2;2003 2;2066;2082 2;2130;2146 2
ac:1246 2;1298;1310;1322 2;1361 2;1371 3;1386;1426;1432;1435;1448 2;1490 2;1493 4;1512;1554 2;1574 3;1619 2;1638 2;1683 2;1701 2;1747;1764 2;1811;1828;1875;1892;1938;1956;2002;2019 2;2066;2083 2;2129;2147;2193
ad:1246;1296;1309 2;1358 2;1361 2;1371 3;1386;1422 2;1425 2;1431 5;1450;1490;1494 3;1512;1514 2;1547;1554 2;1575 2;1579;1609 2;1638 3;1673 2;1682 2;1701 3;1746 2;1764 2;1774;1801 2;1810 2;1838;1866;1873 2;1892;1902;1937 2;1956;1965;1998 2;2001 2;2020;2029;2063 3;2084;2086;2091;2129;2148;2150 2;2212;2214
ae:1296;1308 2;1360;1371 2;1422 3;1431 3;1435;1450;1485 5;1513 2;1547;1549 3;1553;1576 4;1611 3;1615;1617 2;1639 3;1643 2;1673 4;1681 2;1706 4;1738 3;1743;1745;1765 3;1769 5;1802 6;1809;1830;1835 3;1867 4;1872 2;1894 3;1899 4;1932 3;1936 2;1957 5;1963 3;1998;2000 2;2021 9;2064 2;2085 7;2148 2;2151;2212
af:1183 2;1246 2;1308;1360;1371;1423 2;1432;1435;1488;1493 2;1549;1552 2;1577 2;1612 4;1641 2;1676 6;1703 3;1740 6;1767 4;1806;1808 2;1830 4;1835;1871 2;1894;1896 5;1936;1958;1961 2;2022;2025 2;2085 2
ag:1183;1245 3;1308 2;1369 4;1427 2;1430 3;1491;1494;1641 2;1704 2;1744;1768;1807 2;1871 2
ah:1055 2;1181 3;1244 3;1307 3;1369 3;1427 3;1431 3
ai:925;1054 2;1118;1181;1243 3;1304 5;1362 10;1428 2;1432
aj:925;1053 2;1116 3;1179 2;1242 2;1299 5;1306;1363 5;1369
ak:924 2;989;1052 2;1115 3;1178 3;1236 8;1299 3
al:923 3;988 2;1115 2;1172;1177;1235 5;1241
am:923 2;986 4;1050 3;1107;1111 4;1172 6
an:598 2;601;661 5;724;787 2;794 2;851;860;915;923;978 2;986 2;1043 2;1048;1107 7;1172 4
ao:661 4;725 4;730;788 3;793 3;852;857 4;915 10;979 2;983 4;1044 6;1108 2
ap:790;854 2;859 2;919;981 2;1044 4
aq:981
0:layer a
1:layer a
2:layer a
3:layer a
4:layer a
5:layer a
6:layer a
7:layer a
8:layer b
9:layer b +[1564 2] -[1564]
10:layer b +[1564 2] -[1564]
11:layer b +[1564 2] -[1564]
12:layer b +[1564 2] -[1564]
13:layer c
14:layer c
15:layer c +[1563;1565 2] -[1563 3]
16:layer d
17:layer d
18:layer e
19:layer e
20:layer e +[1756]
21:layer e +[1562 5;1756] -[1563 4]
22:layer f
23:layer g
24:layer g +[1497 2;1503 2] -[1498;1503;1567;1756]
25:layer h
26:layer i
27:layer j
28:layer k
29:layer l
30:layer m
31:layer n
32:layer o
33:layer p
34:layer q
35:layer r
36:layer s
37:layer t
38:layer t +[1368;1432;1442;1496 2;1505 2;1568 2;1631 2;1689;1752 2;1816;1880;1886 2] -[1497;1569;1631;1753]
39:layer u
40:layer v
41:layer w
42:layer x
43:layer y
44:layer z
45:layer aa
46:layer ab
47:layer ac
48:layer ad
49:layer ae
50:layer af
51:layer ag
52:layer ah
53:layer ai
54:layer aj
55:layer ak
56:layer al
57:layer am
58:layer an
59:layer ao
60:layer ap
61:layer aq
62:layer a
63:layer a